2 0.1162109375 0.6572265625 0.232421875 0.64453125
2 0.248046875 0.6875 0.39453125 0.609375
2 0.416015625 0.4267578125 0.15234375 0.34765625
2 0.6728515625 0.2841796875 0.0869140625 0.208984375
2 0.5390625 0.32421875 0.1103515625 0.28515625
2 0.7490234375 0.419921875 0.1376953125 0.4111328125
2 0.62109375 0.564453125 0.1611328125 0.6240234375
2 0.5185546875 0.5322265625 0.060546875 0.1630859375
2 0.8193359375 0.2958984375 0.08984375 0.25390625
2 0.9716796875 0.73828125 0.0556640625 0.4248046875
2 0.5390625 0.3291015625 0.11328125 0.4404296875
2 0.8125 0.34375 0.09375 0.517578125