0 0.396484375 0.6533203125 0.2626953125 0.6767578125
0 0.5009765625 0.416015625 0.1015625 0.32421875
0 0.2294921875 0.568359375 0.189453125 0.572265625
0 0.630859375 0.607421875 0.1630859375 0.705078125
0 0.7607421875 0.3740234375 0.126953125 0.2705078125
2 0.892578125 0.3447265625 0.130859375 0.36328125
0 0.9189453125 0.5576171875 0.076171875 0.345703125
0 0.755859375 0.2763671875 0.0947265625 0.2265625
1 0.8466796875 0.919921875 0.3046875 0.14453125
0 0.6044921875 0.3095703125 0.13671875 0.2373046875
0 0.8916015625 0.4443359375 0.130859375 0.568359375