2 0.564453125 0.6181640625 0.3828125 0.1875
2 0.3232421875 0.873046875 0.646484375 0.25390625
2 0.3115234375 0.6923828125 0.623046875 0.373046875
2 0.515625 0.400390625 0.53515625 0.23046875
2 0.677734375 0.5185546875 0.29296875 0.154296875
2 0.66015625 0.302734375 0.33203125 0.18359375
2 0.48828125 0.4091796875 0.75390625 0.2578125
2 0.634765625 0.5166015625 0.4453125 0.173828125
2 0.6689453125 0.2373046875 0.39453125 0.1328125
2 0.7373046875 0.2470703125 0.2578125 0.11328125
2 0.5673828125 0.2119140625 0.619140625 0.21875