0 0.8193359375 0.66015625 0.2783203125 0.6689453125
0 0.3251953125 0.6611328125 0.19140625 0.6533203125
2 0.5615234375 0.7041015625 0.2939453125 0.5791015625
2 0.5087890625 0.470703125 0.1123046875 0.4111328125
1 0.4306640625 0.6455078125 0.0322265625 0.169921875
2 0.109375 0.49609375 0.1220703125 0.482421875
2 0.1103515625 0.4189453125 0.12109375 0.3271484375
2 0.2021484375 0.607421875 0.1552734375 0.705078125
1 0.4091796875 0.9365234375 0.0634765625 0.126953125
2 0.19921875 0.51171875 0.1494140625 0.5078125
1 0.8720703125 0.4951171875 0.10546875 0.1884765625
2 0.3623046875 0.3876953125 0.103515625 0.2490234375
0 0.931640625 0.7490234375 0.1357421875 0.48828125
1 0.97265625 0.3232421875 0.0517578125 0.0986328125