0 0.421875 0.65625 0.36328125 0.6875
0 0.48828125 0.4169921875 0.150390625 0.3359375
0 0.2431640625 0.609375 0.27734375 0.595703125
0 0.646484375 0.5859375 0.271484375 0.72265625
0 0.73828125 0.3349609375 0.16796875 0.28515625
2 0.86328125 0.28515625 0.185546875 0.37890625
0 0.9228515625 0.4912109375 0.12890625 0.353515625
0 0.7177734375 0.2392578125 0.12890625 0.23828125
1 0.873046875 0.8603515625 0.25390625 0.189453125
0 0.5732421875 0.2958984375 0.171875 0.255859375
0 0.8779296875 0.3837890625 0.21875 0.58203125