1 0.556640625 0.45703125 0.193359375 0.55859375
1 0.7265625 0.62890625 0.283203125 0.734375
2 0.58203125 0.154296875 0.044921875 0.1015625
1 0.4423828125 0.275390625 0.11328125 0.345703125
2 0.5009765625 0.2978515625 0.115234375 0.263671875
0 0.669921875 0.29296875 0.107421875 0.283203125
2 0.779296875 0.2421875 0.083984375 0.091796875
2 0.974609375 0.7060546875 0.05078125 0.587890625
1 0.7900390625 0.6298828125 0.408203125 0.73828125
2 0.552734375 0.8623046875 0.107421875 0.271484375
1 0.375 0.439453125 0.0703125 0.314453125
1 0.5615234375 0.6318359375 0.126953125 0.095703125
2 0.4443359375 0.3837890625 0.126953125 0.580078125