1 0.1884765625 0.576171875 0.376953125 0.7734375
1 0.279296875 0.34375 0.208984375 0.376953125
2 0.345703125 0.7685546875 0.197265625 0.435546875
2 0.3447265625 0.2685546875 0.14453125 0.29296875
2 0.41796875 0.4892578125 0.263671875 0.658203125
0 0.6083984375 0.28515625 0.150390625 0.359375
0 0.4814453125 0.1904296875 0.08203125 0.193359375
1 0.5126953125 0.298828125 0.16015625 0.27734375
1 0.59765625 0.359375 0.169921875 0.505859375
2 0.041015625 0.3857421875 0.076171875 0.140625
1 0.5439453125 0.5869140625 0.140625 0.490234375
0 0.359375 0.578125 0.169921875 0.109375
1 0.4921875 0.4404296875 0.201171875 0.56640625
0 0.826171875 0.556640625 0.34765625 0.64453125
2 0.7470703125 0.8828125 0.419921875 0.234375