1 0.44921875 0.4501953125 0.572265625 0.25
1 0.5966796875 0.2578125 0.7578125 0.357421875
2 0.146484375 0.466796875 0.10546875 0.0546875
1 0.28515625 0.587890625 0.353515625 0.1484375
2 0.2998046875 0.52734375 0.2734375 0.142578125
0 0.271484375 0.3603515625 0.291015625 0.134765625
2 0.2060546875 0.259765625 0.099609375 0.091796875
2 0.638671875 0.0283203125 0.58984375 0.056640625
1 0.5888671875 0.2177734375 0.775390625 0.435546875
2 0.8515625 0.3974609375 0.279296875 0.134765625
1 0.45703125 0.6318359375 0.318359375 0.1015625
1 0.6220703125 0.4208984375 0.107421875 0.134765625
2 0.392578125 0.5712890625 0.587890625 0.1875