2 0.5791015625 0.59375 0.8359375 0.45703125
2 0.4755859375 0.8212890625 0.697265625 0.357421875
2 0.3759765625 0.3896484375 0.5390625 0.212890625
2 0.4267578125 0.26171875 0.681640625 0.232421875
2 0.248046875 0.1630859375 0.35546875 0.130859375
2 0.12109375 0.3095703125 0.216796875 0.087890625
2 0.19921875 0.568359375 0.380859375 0.1484375
2 0.140625 0.4169921875 0.23828125 0.109375
2 0.205078125 0.654296875 0.193359375 0.107421875
2 0.0966796875 0.396484375 0.140625 0.068359375
2 0.322265625 0.158203125 0.091796875 0.04296875