2 0.5888671875 0.5849609375 0.810546875 0.40234375
2 0.5107421875 0.8330078125 0.677734375 0.333984375
2 0.365234375 0.40234375 0.529296875 0.177734375
2 0.40234375 0.2705078125 0.671875 0.1875
2 0.2138671875 0.19140625 0.349609375 0.107421875
2 0.1044921875 0.349609375 0.208984375 0.07421875
2 0.2080078125 0.599609375 0.373046875 0.123046875
2 0.1337890625 0.455078125 0.232421875 0.09375
2 0.22265625 0.6845703125 0.1875 0.095703125
2 0.087890625 0.4384765625 0.13671875 0.05859375
2 0.287109375 0.1787109375 0.08984375 0.037109375