0 0.3515625 0.6796875 0.66796875 0.37109375
2 0.2900390625 0.31640625 0.580078125 0.4296875
2 0.5498046875 0.517578125 0.4296875 0.189453125
0 0.626953125 0.447265625 0.294921875 0.14453125
2 0.4091796875 0.447265625 0.181640625 0.099609375
2 0.6328125 0.3056640625 0.306640625 0.1796875
2 0.47265625 0.32421875 0.3828125 0.26171875
1 0.6982421875 0.3984375 0.2421875 0.109375
0 0.3173828125 0.91015625 0.509765625 0.1796875
2 0.6513671875 0.4072265625 0.333984375 0.12890625
0 0.2421875 0.990234375 0.31640625 0.01953125