2 0.4072265625 0.59765625 0.3828125 0.193359375
2 0.595703125 0.8896484375 0.69921875 0.220703125
2 0.6474609375 0.7392578125 0.66015625 0.3828125
2 0.5107421875 0.400390625 0.537109375 0.23828125
2 0.3232421875 0.47265625 0.294921875 0.158203125
2 0.396484375 0.2685546875 0.333984375 0.189453125
2 0.5341796875 0.4150390625 0.75390625 0.271484375
2 0.365234375 0.4814453125 0.4453125 0.1796875
2 0.404296875 0.2021484375 0.39453125 0.138671875
2 0.3359375 0.1943359375 0.259765625 0.1171875
2 0.5087890625 0.2041015625 0.619140625 0.228515625