0 0.654296875 0.6748046875 0.2744140625 0.6337890625
2 0.283203125 0.7021484375 0.3447265625 0.580078125
2 0.525390625 0.453125 0.1259765625 0.416015625
0 0.4677734375 0.3662109375 0.1025390625 0.283203125
2 0.43359375 0.5810546875 0.0751953125 0.1708984375
2 0.3291015625 0.3388671875 0.1376953125 0.2880859375
2 0.322265625 0.5 0.208984375 0.35546875
1 0.4306640625 0.2880859375 0.07421875 0.2353515625
0 0.912109375 0.7490234375 0.1748046875 0.48828125
2 0.431640625 0.3359375 0.0791015625 0.326171875
0 0.9794921875 0.8369140625 0.0400390625 0.314453125