1 0.8251953125 0.611328125 0.349609375 0.74609375
1 0.7353515625 0.3671875 0.171875 0.36328125
2 0.625 0.783203125 0.154296875 0.423828125
2 0.677734375 0.28515625 0.115234375 0.28515625
2 0.5830078125 0.498046875 0.197265625 0.646484375
0 0.4150390625 0.275390625 0.115234375 0.3515625
0 0.55078125 0.1943359375 0.0625 0.189453125
1 0.5087890625 0.298828125 0.134765625 0.265625
1 0.41796875 0.349609375 0.119140625 0.5
2 0.96875 0.4345703125 0.0625 0.134765625
1 0.447265625 0.58203125 0.091796875 0.486328125
0 0.630859375 0.591796875 0.1640625 0.09375
1 0.513671875 0.44140625 0.14453125 0.55859375
0 0.15625 0.5185546875 0.3125 0.619140625
2 0.208984375 0.87890625 0.3984375 0.2421875