1 0.171875 0.6240234375 0.337890625 0.734375
1 0.259765625 0.3759765625 0.1591796875 0.357421875
2 0.384765625 0.787109375 0.1396484375 0.419921875
2 0.314453125 0.2919921875 0.1064453125 0.2822265625
2 0.4169921875 0.5009765625 0.1748046875 0.6396484375
0 0.5771484375 0.2724609375 0.103515625 0.3466796875
0 0.4384765625 0.1962890625 0.056640625 0.1875
1 0.484375 0.298828125 0.125 0.2626953125
1 0.5771484375 0.3466796875 0.1005859375 0.4970703125
2 0.029296875 0.451171875 0.05859375 0.1318359375
1 0.5556640625 0.580078125 0.07421875 0.484375
0 0.3720703125 0.5966796875 0.1591796875 0.087890625
1 0.484375 0.4423828125 0.1259765625 0.5546875
0 0.8486328125 0.5078125 0.30078125 0.6103515625
2 0.802734375 0.8720703125 0.3916015625 0.236328125