2 0.6005859375 0.8828125 0.732421875 0.234375
2 0.66015625 0.767578125 0.6484375 0.416015625
2 0.3115234375 0.26171875 0.2265625 0.125
2 0.4453125 0.56640625 0.423828125 0.21875
2 0.640625 0.361328125 0.712890625 0.240234375
2 0.3515625 0.41796875 0.2734375 0.154296875
2 0.35546875 0.10546875 0.29296875 0.126953125
2 0.423828125 0.1923828125 0.357421875 0.18359375
2 0.5029296875 0.203125 0.51953125 0.201171875
2 0.455078125 0.1201171875 0.5703125 0.154296875
2 0.78515625 0.28125 0.4296875 0.13671875